1 Q1_DT_NPN ....... A1 20 0 0 0 0 0 0 0 D 0 0
0 2.050V 20.0 20.0 0 2 0 0 0 0 0 0 0
2 Q1_DT_NPN ....... A1 20 30 0 0 0 0 0 0 D 0 0
0 0.852V 20.0 20.0 0 2 0 0 0 0 0 0 0
3 Q2_DT_NPN ....... A1 21 0 0 0 0 0 0 0 D 0 0
0 2.014V 20.0 20.0 0 2 0 0 0 0 0 0 0
4 Q2_DT_NPN ....... A1 21 30 0 0 0 0 0 0 D 0 0
0 0.797V 20.0 20.0 0 2 0 0 0 0 0 0 0
5 Q3_DT_NPN ....... A1 22 0 0 0 0 0 0 0 D 0 0
0 2.014V 20.0 20.0 0 2 0 0 0 0 0 0 0
6 Q3_DT_NPN ....... A1 22 30 0 0 0 0 0 0 D 0 0
0 0.797V 20.0 20.0 0 2 0 0 0 0 0 0 0
7 DT1_DT_NPN ....... A1 26 27 0 0 0 0 0 0 D 0 0
0 1.704V 20.0 20.0 0 2 0 0 0 0 0 0 0
8 DT1_DT_NPN ....... A1 26 30 0 0 0 0 0 0 D 0 0
0 0.770V 20.0 20.0 0 2 0 0 0 0 0 0 0
9 C7 0.01uF. A1 11 12 0 0 0 0 0 0 C 0 0
0 10.00nF 20.0 20.0 0 1 0 0 0 0 0 0 0
10 C8 0.01uF. A1 14 13 0 0 0 0 0 0 C 0 0
0 10.00nF 20.0 20.0 0 1 0 0 0 0 0 0 0
11 C9 0.01uF. A1 16 15 0 0 0 0 0 0 C 0 0
0 10.00nF 20.0 20.0 0 1 0 0 0 0 0 0 0
12 C11//C103 0.1uF.. A1 17 30 0 0 0 0 0 0 C 0 0
0 27.1uF 20.0 20.0 0 1 0 0 0 0 0 0 0
13  560.0.. A1 17 33 0 0 0 0 0 0 R 0 0
0 0.560Ko 10.0 10.0 0 0 0 0 0 0 0 0 0
14  560.0.. A1 30 34 0 0 0 0 0 0 R 0 0
0 0.560Ko 10.0 10.0 0 0 0 0 0 0 0 0 0
15  1.0K... A1 1 31 0 0 0 0 0 0 R 0 0
0 0.652Ko 10.0 10.0 0 0 0 0 0 0 0 0 0
16  1.0K... A1 31 6 0 0 0 0 0 0 R 0 0
0 0.656Ko 10.0 10.0 0 0 0 0 0 0 0 0 0
17  1.0K... A1 7 31 0 0 0 0 0 0 R 0 0
0 0.649Ko 10.0 10.0 0 0 0 0 0 0 0 0 0
18  1.0K... A1 3 10 0 0 0 0 0 0 R 0 0
0 0.733Ko 10.0 10.0 0 0 0 0 0 0 0 0 0
19  1.0K... A1 4 10 0 0 0 0 0 0 R 0 0
0 0.743Ko 10.0 10.0 0 0 0 0 0 0 0 0 0
20  1.0K... A1 10 9 0 0 0 0 0 0 R 0 0
0 0.733Ko 10.0 10.0 0 0 0 0 0 0 0 0 0
21  1.0K... A1 3 25 0 0 0 0 0 0 R 0 0
0 1.000Ko 10.0 10.0 0 0 0 0 0 0 0 0 0
22  1.0K... A1 4 24 0 0 0 0 0 0 R 0 0
0 1.000Ko 10.0 10.0 0 0 0 0 0 0 0 0 0
23  1.0K... A1 9 23 0 0 0 0 0 0 R 0 0
0 1.000Ko 10.0 10.0 0 0 0 0 0 0 0 0 0
24  1.0K... A1 27 28 0 0 0 0 0 0 R 0 0
0 1.000Ko 10.0 10.0 0 0 0 0 0 0 0 0 0
25  10.0... A1 32 31 0 0 0 0 0 0 R 0 0
0 6.00o 10.0 10.0 0 0 0 0 0 0 0 0 0
26  10.0... A1 31 32 0 0 0 0 0 1 R 0 0
0 6.41o 10.0 10.0 0 0 0 0 0 0 0 0 0
27 R11 1.0M... A1 10 31 0 0 0 0 0 1 R 0 0
0 0.710Mo 10.0 10.0 0 0 0 0 0 0 0 0 0
28  1.1K... A1 1 0 0 0 0 0 0 1 R 0 0
0 1.100Ko 10.0 10.0 0 0 0 0 0 0 0 0 0
29  1.1K... A1 1 0 0 0 0 0 0 1 R 0 0
0 1.10Ko 10.0 10.0 0 0 0 0 0 0 0 0 0
30  1.1K... A1 1 0 0 0 0 0 0 1 R 0 0
0 1.10Ko 10.0 10.0 0 0 0 0 0 0 0 0 0
31  1.1K... A1 6 0 0 0 0 0 0 1 R 0 0
0 1.10Ko 10.0 10.0 0 0 0 0 0 0 0 0 0
32  1.1K... A1 6 0 0 0 0 0 0 1 R 0 0
0 1.1Ko 10.0 10.0 0 0 0 0 0 0 0 0 0
33  1.1K... A1 6 0 0 0 0 0 0 1 R 0 0
0 1.10Ko 10.0 10.0 0 0 0 0 0 0 0 0 0
34  1.1K... A1 7 0 0 0 0 0 0 1 R 0 0
0 1.10Ko 10.0 10.0 0 0 0 0 0 0 0 0 0
35  1.1K... A1 7 0 0 0 0 0 0 1 R 0 0
0 1.10Ko 10.0 10.0 0 0 0 0 0 0 0 0 0
36  1.1K... A1 7 0 0 0 0 0 0 1 R 0 0
0 1.10Ko 10.0 10.0 0 0 0 0 0 0 0 0 0
37  ....... A1 30 29 0 0 0 0 0 0 D 0 0
0 0.70V 20.0 20.0 0 2 0 0 0 0 0 0 0
38  ....... A1 29 30 0 0 0 0 0 0 D 0 0
0 2.00V 20.0 20.0 0 2 0 0 0 0 0 0 0
39 C101 33.0uF. A1 32 30 0 0 0 0 0 0 C 0 0
0 33.0uF 20.0 20.0 0 1 0 0 0 0 0 0 0
40 C103 27.0uF. A1 29 30 0 0 0 0 0 1 C 0 0
0 27.0uF 20.0 20.0 0 1 0 0 0 0 0 0 0
41  ....... A1 31 0 0 0 0 0 0 1 J 0 0
0 1 10.0 10.0 0 2 0 0 0 0 0 0 0
42  ....... A1 30 18 0 0 0 0 0 0 J 0 0
0 1 10.0 10.0 0 2 0 0 0 0 0 0 0
43  ....... A1 16 0 0 0 0 0 0 1 J 0 0
0 1 10.0 10.0 0 2 0 0 0 0 0 0 0
44  ....... A1 17 29 0 0 0 0 0 0 J 0 0
0 1 10.0 10.0 0 2 0 0 0 0 0 0 0
45  ....... A1 17 29 0 0 0 0 0 0 J 0 0
0 1 10.0 10.0 0 2 0 0 0 0 0 0 0
46  ....... A1 17 29 0 0 0 0 0 0 J 0 0
0 1 10.0 10.0 0 2 0 0 0 0 0 0 0
47  ....... A1 30 18 0 0 0 0 0 0 J 0 0
0 1 10.0 10.0 0 2 0 0 0 0 0 0 0
48  ....... A1 30 18 0 0 0 0 0 0 J 0 0
0 1 10.0 10.0 0 2 0 0 0 0 0 0 0
49  ....... A1 31 0 0 0 0 0 0 1 J 0 0
0 1 10.0 10.0 0 2 0 0 0 0 0 0 0
50  ....... A1 29 19 0 0 0 0 0 0 J 0 0
0 1 10.0 10.0 0 2 0 0 0 0 0 0 0
51  ....... A1 26 23 0 0 0 0 0 0 J 0 0
0 1 10.0 10.0 0 2 0 0 0 0 0 0 0
52  ....... A1 37 8 0 0 0 0 0 0 J 0 0
0 1 10.0 10.0 0 2 0 0 0 0 0 0 0
53  ....... A1 36 5 0 0 0 0 0 0 J 0 0
0 1 10.0 10.0 0 2 0 0 0 0 0 0 0
54  ....... A1 35 2 0 0 0 0 0 0 J 0 0
0 1 10.0 10.0 0 2 0 0 0 0 0 0 0
55  ....... A1 10 30 0 0 0 0 0 0 J 0 0
0 1 10.0 10.0 0 2 0 0 0 0 0 0 0
56  ....... A1 10 30 0 0 0 0 0 0 J 0 0
0 1 10.0 10.0 0 2 0 0 0 0 0 0 0
57  ....... A1 30 34 0 0 0 0 0 0 D 0 0
0 1.30V 20.0 20.0 0 2 0 0 0 0 0 0 0
58  ....... A1 30 11 0 0 0 0 0 0 D 0 0
0 0.91V 20.0 20.0 0 2 0 0 0 0 0 0 0
59  ....... A1 30 33 0 0 0 0 0 0 D 0 0
0 1.38V 20.0 20.0 0 2 0 0 0 0 0 0 0
60  ....... A1 30 12 0 0 0 0 0 0 D 0 0
0 0.90V 20.0 20.0 0 2 0 0 0 0 0 0 0
61  ....... A1 30 34 0 0 0 0 0 1 D 0 0
0 1.30V 20.0 20.0 0 2 0 0 0 0 0 0 0
62  ....... A1 30 14 0 0 0 0 0 0 D 0 0
0 0.90V 20.0 20.0 0 2 0 0 0 0 0 0 0
63  ....... A1 30 33 0 0 0 0 0 1 D 0 0
0 1.38V 20.0 20.0 0 2 0 0 0 0 0 0 0
64  ....... A1 30 13 0 0 0 0 0 0 D 0 0
0 0.90V 20.0 20.0 0 2 0 0 0 0 0 0 0
65  ....... A1 30 34 0 0 0 0 0 1 D 0 0
0 1.30V 20.0 20.0 0 2 0 0 0 0 0 0 0
66  ....... A1 30 15 0 0 0 0 0 0 D 0 0
0 0.90V 20.0 20.0 0 2 0 0 0 0 0 0 0
67  ....... A1 30 33 0 0 0 0 0 1 D 0 0
0 1.38V 20.0 20.0 0 2 0 0 0 0 0 0 0
68  ....... A1 30 0 0 0 0 0 0 1 D 0 0
0 2.01V 20.0 20.0 0 2 0 0 0 0 0 0 0
69  ....... A1 30 11 0 0 0 0 0 0 D 0 0
0 0.91V 20.0 20.0 0 2 0 0 0 0 0 0 0
70  ....... A1 30 12 0 0 0 0 0 0 D 0 0
0 0.90V 20.0 20.0 0 2 0 0 0 0 0 0 0
71  ....... A1 30 13 0 0 0 0 0 0 D 0 0
0 0.90V 20.0 20.0 0 2 0 0 0 0 0 0 0
72  ....... A1 30 14 0 0 0 0 0 0 D 0 0
0 0.90V 20.0 20.0 0 2 0 0 0 0 0 0 0
73  ....... A1 30 15 0 0 0 0 0 0 D 0 0
0 0.90V 20.0 20.0 0 2 0 0 0 0 0 0 0
74  ....... A1 30 16 0 0 0 0 0 0 D 0 0
0 0.90V 20.0 20.0 0 2 0 0 0 0 0 0 0
75  ....... A1 30 17 0 0 0 0 0 0 D 0 0
0 0.67V 20.0 20.0 0 2 0 0 0 0 0 0 0
76  ....... A1 30 17 0 0 0 0 0 0 D 0 0
0 0.67V 20.0 20.0 0 2 0 0 0 0 0 0 0
77  ....... A1 18 8 0 0 0 0 0 0 D 0 0
0 0.70V 20.0 20.0 0 2 0 0 0 0 0 0 0
78  ....... A1 30 19 0 0 0 0 0 0 D 0 0
0 0.67V 20.0 20.0 0 2 0 0 0 0 0 0 0
79  ....... A1 30 20 0 0 0 0 0 0 D 0 0
0 0.91V 20.0 20.0 0 2 0 0 0 0 0 0 0
80  ....... A1 30 21 0 0 0 0 0 0 D 0 0
0 0.91V 20.0 20.0 0 2 0 0 0 0 0 0 0
81  ....... A1 30 22 0 0 0 0 0 0 D 0 0
0 0.91V 20.0 20.0 0 2 0 0 0 0 0 0 0
82  ....... A1 30 23 0 0 0 0 0 0 D 0 0
0 0.91V 20.0 20.0 0 2 0 0 0 0 0 0 0
83  ....... A1 30 24 0 0 0 0 0 0 D 0 0
0 0.91V 20.0 20.0 0 2 0 0 0 0 0 0 0
84  ....... A1 30 25 0 0 0 0 0 0 D 0 0
0 0.91V 20.0 20.0 0 2 0 0 0 0 0 0 0
85  ....... A1 30 31 0 0 0 0 0 0 D 0 0
0 1.29V 20.0 20.0 0 2 0 0 0 0 0 0 0
86  ....... A1 30 1 0 0 0 0 0 0 D 0 0
0 1.42V 20.0 20.0 0 2 0 0 0 0 0 0 0
87  ....... A1 30 2 0 0 0 0 0 0 D 0 0
0 0.73V 20.0 20.0 0 2 0 0 0 0 0 0 0
88  ....... A1 3 30 0 0 0 0 0 0 D 0 0
0 1.30V 20.0 20.0 0 2 0 0 0 0 0 0 0
89  ....... A1 30 31 0 0 0 0 0 0 D 0 0
0 1.24V 20.0 20.0 0 2 0 0 0 0 0 0 0
90  ....... A1 4 30 0 0 0 0 0 0 D 0 0
0 1.30V 20.0 20.0 0 2 0 0 0 0 0 0 0
91  ....... A1 30 5 0 0 0 0 0 0 D 0 0
0 0.73V 20.0 20.0 0 2 0 0 0 0 0 0 0
92  ....... A1 30 6 0 0 0 0 0 0 D 0 0
0 1.42V 20.0 20.0 0 2 0 0 0 0 0 0 0
93  ....... A1 30 7 0 0 0 0 0 0 D 0 0
0 1.41V 20.0 20.0 0 2 0 0 0 0 0 0 0
94  ....... A1 30 8 0 0 0 0 0 0 D 0 0
0 0.73V 20.0 20.0 0 2 0 0 0 0 0 0 0
95  ....... A1 9 30 0 0 0 0 0 0 D 0 0
0 1.33V 20.0 20.0 0 2 0 0 0 0 0 0 0
96  ....... A1 30 31 0 0 0 0 0 0 D 0 0
0 1.24V 20.0 20.0 0 2 0 0 0 0 0 0 0
